2012200211011002200000010010101010012120000000111020112001020001102102100101222211020012121000101010222201221001201000100011220001011021120
0020000121021000001200110211122001202200102002020020200100000200022101000100100001000020020000101222012022211102200100000020021002010000010
0212200001210200012000010002002000001121111121110010020001202002101202101101102200200000222222011000210002000010121010001000211000101002101
0020200110001002100100200101201000201012022011222112010100100012021110100110211200120002010001100020121120001201221001102001220022201212010
2012000100210120100011210011210021200012202021001110220221101200001220100210021200000201000100020022000002011000120000120011000112201022100
0112011002102102112110101100002001020202002220100200010020001020120001001121101202100212110021000022102022101201020121020002011121101010001
0000001100020200110002222021001010201212002001200022000001110201100002220102002100000000002200211012000022010011120200011002000102202200100
2012022100010102200202020202001001110211200211102000121201000202011222211011010022201210102000000010200000001020022010002120022020010010210
2021220000211222001001020002201201212010021120111010001020000200200200020020110020111000000000001112200002010211012000110010000200020020020
1010000010022202010220000002120202121100002100021022110012201000010000010112021200010000000021010100000000122102021202000000102010210120001
2121221012210021202222000111111020021002200001200022002000200011000100122200210221202100010110000010010221021200201002010120020220001221200
2201201220211120100220012221001221111002200011020100010002020110201000200120001201001112002000002001012102000000001100001001201100011100110
0002012002100002000020102221000000202020001210000220000000210000102112000100202001002010021010002000220000002000212100212102120210110010101
0212110010002002000101121010010000100110000011120021122201101002012200101101202100200010100012222020022102011100010001001020012011020100000
2000210201102110000220100101101021020012000120012110101020202100210100000002020100202002000010012201002010100000122100002000022200010112022
2010020012020220020000102011011100001201210102210220001101120210000100000010011012120021010022010010100001102220021001200011001201001101001
2121101110121100020100001102100201220002022110001011002021120010010021221000201201212000100201112100120001000002010201212001022000101212000
0221010002012012201212020002100102010211202000020210100022200100001000200201201100201200002120110110021001010011020200120222201201010220122
0002200200200220002200021120220100100112210101000000220010002000021112101020000020002000000101001000200112022121022121020021210021102011100
1110101220000210010000020000000001002210022200202221110100020102102022120201012110102001101000211111222220201011012222110200120000001021000
1000220002020100020021000120020000020100022112221002000000010120020121102011020012012000021201002020011020001201002020001020202200220101000
2202000200021001100110210202220000122022001201210002000101211221120000010002201220000202211002201201002200100102111001001001201212200020010
2000102000110201100022002201011200100021002000020020201112002010102000220110220202012020002012212202001000100010202020202200012000001101210
0200200210122010101000001010220020010122210110220212021122000000001010201000100120001200021121100001020110000202212012012200010021200002110
2100000012000011001010101211010120020120101101000200001000102202010001120000021120221100000021200202010210100100210110102201000211100022022
1202000000000000000000212022022022101000122001110020010110201011121222022020000010212101001111011111212202102200220001120110202000211100202
0022222220210011000122221101001201001021210021100222101022000001222010000110212000200012101020020200201000010112011020110212010210020000220
0011210022100202002001020001000220112020201111210002020002200012222100110122012000011120200211110211110220122112210000002021201100020200001
2111000001220100221200010110002022201110120101200020201100012120101220122122102002000100211012211001010202022011022011012001210002101221000
1001222000000102200212100000000000020222100001002220221020120000010211220120020012002000011001112210002000100012020020102120202010000000020
0012222102111101000112101010101021220020101001110020021210101010220100200222012202210202101001100010000020002011112222120000000221101100210
2212000111000010200000210000012100002200220200212012021000001010100200100102100210001200022121112112010122012010001020010202111201001222102
0202011020100210000010020200202000001001020012020000100020021012200002120100000020000210001200212120120200011012002002201010210120001102011
0020020012200222011000011222212202100020010211010222120020011220020002102120000221201110202000000101100200000022201121211200100200110021001
1201000002000000201000220011112021122000201000222010211001000001120000202011001022211202001120001120010001122210202011020000210220000011212
0020201210200021010110122000010120100201200011022000102202011000200000220100010001002001101120100010101000002220100110112202201120100020211
0002101010100020010202211011220110122021000100021002122110220222012010000001100102022120001022212010010110100000000100212001100000001202000
2122112020000200102010002200000222010101202020101002200011210000002100222021112100000020000100200001000100022002201002002122000201002100111
0021200021100021221010000100001001220001202201101201010002200002222011000012001101010222000020020010002022200111212210000000002120121022001
0100112001002000220111000101001000020000000220010020000210110210100211021021122200200000001120011120000021202210000101220022222022012101002
2200100000001221101210220202010001010200212011010110211220001000020211210122012100221211000001001000000200000022021110020111022221021110112
1010022102000000001001020000210002001221100200211201221100202021000002000100000201202000010022022121201002000111012011100220000000000201001
1120202020210101021022120200000200202022110201101001210221200000000012201000202011010220102100002000100122000010102211220010102010000000101
0001021000100201002210022202120102212000122222212212010001020212202220102022200100011010120021200102000000000001010012200001100201002001011
2000200200000001010202102110100001120100110002200111110100011021020011201200020120022000112201201201200202000200210020210000002020001120000
1010100122000001001010112002010021021021010211000200011121021020000012011000002101220020201022000002110120211201020000210011000101002000100
0112120000202020001100000201110100200121000000200011200000201200121002010010002121000101120220001010011022000011022001001102100212001200020
1000021002210010221020200112012010000101012200010010100022211121100000210010002121002000000222221001001010100012010121202222101212200010002
0210200100101011001112021201011220111102102011110101000120020201001000110020000000021112220000121200202010000210120020222102010112010100201
0020212112010200000122101101100210000200202001102202210020100000000000010210110002222102220120010010200001002010010101021102011222011121000
0220002002001000020122002001112112110202210220012201020010010011111002000202002000020020200202000002120022022001110120020001200202210000102
1010220220002012201001211000021202111000010012100000200012010210001000220212222210022001100020010222020122002121000020112010211002000110020
1000002221000020000112000000202222201000012220020020020012001120200220110010220000221020012001102000110002020102010101000200111220122200100
0122012100010210020100020001010111110100012102001000121201002200011110100121020200210000220001002102201010010021000110001200102200010010101
0210000200212201100220000112000102012000201222220021020101000100020010022102020002121100120110021122100220211011102020102021011102200100201
1100222002002100200202212210021221101001120101021120002210002000001210212000001010210001022002000211020222102012200010101121020001100001001
1001210100020020002101002022000101200210021001020120001211002122112100012000100102101100000200102020110222202122002012212020002202110121021
2000101002000011201201200001020000011010000002011110221000102101010200012010202020202121000020002220010200210102100100200212211000122000001
1002221022022002102002200020000222010222102201211211010001100210002200000001110001010200101200000101221020221022011021000202202010002022010
2010000210201222002002102121101011220000200011120201111022120100100200000200000100000000022202010210122100020010021101001000012010000010020
0010200000021022010010012020120201122012200202000100222122010110201000001010012022210000122000000120102020101100000110012211020010222202000
2001000121221201222002112120020011102012011221100002001220010100202120201110021210000202020020101112022010021220000101001220000121102202112
1002011220010101001011200000100112010102110002201002201002020211001110022001000010202022100012010210102010210101011122022200010011001100000
1200012202200011010121000210021001211200200010001002010010200201211022011110120012000221122001002011011200001000102210110000011200022010212
0102010121212120122000122100010011011001001002200201011100211200001220100122001021000110102121000002002120000020210022010002021001002222110
1221012011110021010202012210000200001200010011010122002011102220001111011002200120201011020000000022000002010000201001012001212101100012001
0000000020000000011011201020000211010000010011202211210001122000022020211021002200002201022000010022000022020001102111011011002010020121002
2000120210102120100121112121210222122211010001001012000010210112100101200002020000100011001012212202220221001001000000002021200120220011000
0110220020022000110011100200200012000001010100011002122021021200222102001002010010220210212001110210020200020220000110121012001220022002100
0002202101021112010100000100002002211010010201010102021110112200001112000200200002000211121000022000022000110200100211101200202200210002000
1021111011210120002102102101221212100110101000021202100202200000010000122002201220200010210122201100021001212101020010002000000000022020020
0100102020101001120220201001100111100110001202020002101001000202012001001001000021201020020201020002022220110102100112120100012020000120200
2100101000001001000010100000002000021000102100100100220112120000120102220000220000210001210110000102220211020010102011211012020021210020221
0110011210020112001100000202220000100222200010110120001222211002100012210111210102102002211020122212000012000021010001022100000200120022101
0222100011000210020000010220001101002021001001000021112100020222101111222001110210202200000120020102200020100211000000020202220200102001012
0011112020201200122020001011012210000210221200000200020211100021001102202000020012021000000111000021202001000101002000010002000010011000212
1102201202000001122211020120201221102011000210202122110001220010120200020102011101001012111012000010201020001212111201211201000002212100101
0000021220200111210021102100211002011110202000212012001000210010100110010010221110100001220222200200200020000000020021211200022002021222200
0010020000022001200001001121101200001200112000200220000120112120100102211210002110102200022000020101102001222210000121020000221022120010010
1110000210100111220100020020000000202020100101201202111220000010201100212010220200021002000012012012020012222000211101111001201212010120000
0121001102102002101011202000020012101110010010002220010121002000200021001010010210110122120010001221020000110000210220201220000020000010000
2200021210201201002220020212121001021101001210011201201210000020002120021011210020200020000100022121221000020010211110102110002020212121102
0012121221010000210201011201201101212212200010102010020200200222102000010002120100120202101202000000010012001000111000201100102200102100202
2022010000101212011002111000122012000100010020200200102100200122101200020000100202200100101100021211001211000002022200120100210001100120000
0202022020001112200201000010221000011022111021100000010000111020000121001001020120010010022002210011201010000002212001100100110221101022012
1002101010001100010220200111220122021120000012100210001022000002121002101100122011201220102210100002022112212001121220212000121201001022200
2110100001202112200000001002010000200221110000020000102121200000000000201210021021202020112222000000022000212200001000100000000200002211012
1210000100000000101012102102100012120002021010002200200021102020100110022101020002010002100000100000000001220020000020000010022011101001010
2100000210121012210000102220200221000122212212100010220210000212010110012011220010000000220211210002012001110100212012110010220121100120111
0220101200021000100011011200102011100220211200212121020011210002102011112020102002002100120201000100002122012120100111212100202202200012012
0000220022110000022000210102002220101220201102000000022202012121000000121002222202210020002011010000100200000000022200210010202010202120011
1210000112102121102100121101102000002100110011010020100010210001021201100100100020200000020000001111001000101102002100100002211211212100021
1021110021111211110000210000120022001202211020221000200001000110120010220112211011112122022200110111000112000002001100000100010000222112101
0000000210212000002021100010002020001000000001010010011021200002022020010210221010120122110101000102020011000102002100110100100102120100001
1221000220002120020002000100001000101002100020020211202102001000102101202100020002001120220001001022120012021210221122000000000000011201100
2020200211110100110022022002220010101000001011001021220110001010202022222110000010022100200002000000002002000000000020002001202222200010010
2022001020002001122000000001200122022011122212201002020011200212022000120010210100220000000001201211011020111000120000000010020100100100022
0001001000100200210020020021202221100100200001202200000000102022010100021110011102220220100212001100010202001000020222212002010112200210112
1100001212220001101120000021201001010110021110001020202120201020000202001001002021222010000020220201022122201000220111020101110102000102102
2101021112020022000002000200012000012200000020221000220012101101022000000202011010000012000220100020020011112012210022211212000200000122001
1000002201200100021122001002010121202220000111010200022012020001201100022200000122221021121010012100002201200212000011212112022010020020010
2200001100011220100200022121100222020010222022210200201011102100011000120211110000112000020002200020022010101200000000020101202101120222100
1011200001110001220012120012102100201021020201001001010000201021000222202002000102120102210100100010021200200021211120100020101021000000112
0022010011001100002220201211000110022011020010002100201212020021211000200001100102001000000102100120002000100212200002222012110010201020110
2010200221020020100210210202002211202210110000000222022200002111101111210021100111001200102021110011020120000022000001221220202001122000001
1200011221002100022010022012100022000002100001000022002101020100002222100100000020102212202202100002200112102110200000200220021011200000212
0022202201022010010002000200100120002021220201100020001011021210000020020000102220010010102012121020011002100020220212022000110120210120001
0020122122020002200121202011221010101200000211010211000000222020100020010220212200110000010202000010000120100211010021002210002000110022120
0000112001121200102000010210000100210201220001002022122000100102001100010200000022201102020100100020022101020100100102020100202200200020100
0100201012102101022000011012220120000000010222010012001211222201022000020002210202220001202001001110002000022020202020112220200010100220020
2221210000200200110001202001012102202202010110001012200200021010001000210212212001001210201020011000212202212202011201220100221000000002101
2220001211000212000000010020110000101211221100102000120010202001020111000200201001111010001001100022011010020110012100010021020102100011010
2110000101010122100101210011101000022002010020001001000201001011012200010212002001021200002101011022011000101212120100002102000000111010000
0021020120122201010010012010221100010000012200022201000022210000000101120002010000022100022101220000221020111000200002100000021010111202001
1111100221001110000000000011222000100010022001100221220000000101011001120021102100000022001211011002001000000101002120000022210112210202000
1000002202122021021222010222102220220110200000012100000102220200010022000100010200101020221020202021202020100200000020002002201000102101002
2102102020200201002022210221000202112021102220020100010110020010221012002022102210202220201010102002120112102010100000110011110211220021100
1022110202011201012200020111000002020000010000001011101220000120022002110020020001010222110021000000002020122212202202201201021002000002011
2210110010002010001020110200002121010002000000011010201000101202121000101102010122200020010010002020000100120200010210000121000102200201000
1002021201212111102110002202001120000000020210002002002012110000212011210101100001200011212010121200012210020201000220100112100020001001200
2012220111112112221010220200210011101000102001210021220010100211000210222010010012202220102000010000010220111121220000101022122022210222001
0020100010020002210200020112011000020100102221010101010201020201000202000001220001010120102000010000000220111022000000111101022001110102012
0001200110201000201000102120202010002012000001120201120000000010020000000202121202220010012020021001221010001210111020012020111011001100102
1202100011202010020020010020010222221010210000100120102221020110010000010010210000000102001001202200020010000002000100020002010000121000102
1021110110021102200000000100100220020000111212010202100000112101222020020121010002000200022000012021200000020101100010000000101002010002120
0202102002200000002121000000000001001010112020110002210002022112200111000220100110010111200022000112220201010021002002202201002011000000010
1122212021011100002222021200112120000000022201122211020120011010000101010200000202010200000200000120210202110212012120221010002101002000002
1200011010012000010211022002001001002011202002022101102221200002022221220020121002000210100020020200002002211000002002002002022221112210000
2201100000100000011001010111102210010012020102201010110101002210020010202010011110001011200012211020000020212020200000110102000000200202000
1120202101201000000020002110122221001111000011202020111000010010000210022200200110012020000102001000002201012201022200201121002002202210121
0020000012000202120010012100102010020000121120200120000201022011211021002201010200120021020221011000011120020120002000002010002100120001100
0220000100022120012120000011001101102001002020002002021021000211000121010211121222000000021010000200002201100022002100100101000002020001210
0000000110001002012001100100100221001200202021000010020110010001001010020101202101012002010001020110102212222001101020200020200120022122101
1202001001200200111020000000001000111002220022101201002201020110001020001000011021011100200100001020012010022012000001121020020000111102110
0220001000200101200102112010001000210200020211022000212022100101210020020121202122121202122000100111002201000000000011001000220110000020211
1202002000202120100021000021210210210010010000021102022120000021102020002200220010002010010000001100120002010001210200010001000010201120100
0100020120000101210201102002002220211210000222220221200012000000200010020110100222000201001022002200100221111120020021010210020010010010002